Sample Names	MutationTypes	SBS96A	SBS96B	SBS96C
PD4199a	A[C>A]A	0.2288129838330435	0.0	0.7711870161669566
PD4199a	A[C>A]C	0.0898960755560352	0.0	0.9101039244439648
PD4199a	A[C>A]G	0.25645256897148533	0.0	0.7435474310285146
PD4199a	A[C>A]T	0.16719406930739902	0.0	0.832805930692601
PD4199a	A[C>G]A	0.5365757319700206	0.0	0.4634242680299794
PD4199a	A[C>G]C	0.2922348011897095	0.0	0.7077651988102905
PD4199a	A[C>G]G	0.1575360478077749	0.0	0.8424639521922251
PD4199a	A[C>G]T	0.5148758909239582	0.0	0.48512410907604175
PD4199a	A[C>T]A	0.342274520412065	0.0	0.657725479587935
PD4199a	A[C>T]C	0.3177380066361089	0.0	0.682261993363891
PD4199a	A[C>T]G	0.11136137071945715	0.0	0.8886386292805428
PD4199a	A[C>T]T	0.34207115026837726	0.0	0.6579288497316227
PD4199a	A[T>A]A	0.26415024956099903	0.0	0.735849750439001
PD4199a	A[T>A]C	0.19863951195816282	0.0	0.8013604880418371
PD4199a	A[T>A]G	0.1949508333237412	0.0	0.8050491666762588
PD4199a	A[T>A]T	0.06660377886531087	0.0	0.9333962211346891
PD4199a	A[T>C]A	0.10661449866970105	0.0	0.8933855013302989
PD4199a	A[T>C]C	0.16311686604609457	0.0	0.8368831339539053
PD4199a	A[T>C]G	0.21061849694923418	0.0	0.7893815030507659
PD4199a	A[T>C]T	0.12786750359458868	0.0	0.8721324964054112
PD4199a	A[T>G]A	0.09108919035573765	0.0	0.9089108096442623
PD4199a	A[T>G]C	0.2866824594851052	0.0	0.7133175405148949
PD4199a	A[T>G]G	0.2262629957676169	0.0	0.773737004232383
PD4199a	A[T>G]T	0.14989687427060241	0.0	0.8501031257293976
PD4199a	C[C>A]A	0.23686730384089866	0.0	0.7631326961591013
PD4199a	C[C>A]C	0.27502870444716654	0.0	0.7249712955528335
PD4199a	C[C>A]G	0.3239331709245425	0.0	0.6760668290754576
PD4199a	C[C>A]T	0.19761390151338593	0.0	0.802386098486614
PD4199a	C[C>G]A	0.6776194833483057	0.0	0.32238051665169437
PD4199a	C[C>G]C	0.38792961841407303	0.0	0.6120703815859271
PD4199a	C[C>G]G	0.3117621055550394	0.0	0.6882378944449606
PD4199a	C[C>G]T	0.570263049318068	0.0	0.429736950681932
PD4199a	C[C>T]A	0.5735987725081193	0.0	0.42640122749188064
PD4199a	C[C>T]C	0.3356515073255688	0.0	0.6643484926744311
PD4199a	C[C>T]G	0.2751022205832256	0.0	0.7248977794167745
PD4199a	C[C>T]T	0.473561601785939	0.0	0.526438398214061
PD4199a	C[T>A]A	0.26151505016327214	0.0	0.7384849498367279
PD4199a	C[T>A]C	0.2941806192644419	0.0	0.705819380735558
PD4199a	C[T>A]G	0.16181391933021555	0.0	0.8381860806697844
PD4199a	C[T>A]T	0.0844109629997157	0.0	0.9155890370002842
PD4199a	C[T>C]A	0.1189275216683531	0.0	0.881072478331647
PD4199a	C[T>C]C	0.1920351158935767	0.0	0.8079648841064232
PD4199a	C[T>C]G	0.3429102003977707	0.0	0.6570897996022292
PD4199a	C[T>C]T	0.21261169908237307	0.0	0.787388300917627
PD4199a	C[T>G]A	0.08013304854994617	0.0	0.9198669514500539
PD4199a	C[T>G]C	0.2014609546446936	0.0	0.7985390453553064
PD4199a	C[T>G]G	0.19542146469154412	0.0	0.8045785353084558
PD4199a	C[T>G]T	0.061850288973559375	0.0	0.9381497110264406
PD4199a	G[C>A]A	0.1875620283050509	0.0	0.812437971694949
PD4199a	G[C>A]C	0.16929063240578	0.0	0.83070936759422
PD4199a	G[C>A]G	0.26319602784149676	0.0	0.7368039721585031
PD4199a	G[C>A]T	0.1482642198222176	0.0	0.8517357801777824
PD4199a	G[C>G]A	0.44933976774229806	0.0	0.5506602322577019
PD4199a	G[C>G]C	0.314148586907557	0.0	0.685851413092443
PD4199a	G[C>G]G	0.669216250501084	0.0	0.3307837494989159
PD4199a	G[C>G]T	0.5869559858943151	0.0	0.4130440141056849
PD4199a	G[C>T]A	0.4597982028248084	0.0	0.5402017971751916
PD4199a	G[C>T]C	0.3348327814902417	0.0	0.6651672185097582
PD4199a	G[C>T]G	0.1942300708282062	0.0	0.8057699291717938
PD4199a	G[C>T]T	0.3984547105984057	0.0	0.6015452894015942
PD4199a	G[T>A]A	0.32104210479672657	0.0	0.6789578952032733
PD4199a	G[T>A]C	0.2091812939084087	0.0	0.7908187060915913
PD4199a	G[T>A]G	0.3927431869707224	0.0	0.6072568130292777
PD4199a	G[T>A]T	0.11036402826846925	0.0	0.8896359717315308
PD4199a	G[T>C]A	0.14454941473769495	0.0	0.8554505852623051
PD4199a	G[T>C]C	0.17137385691276041	0.0	0.8286261430872396
PD4199a	G[T>C]G	0.24346152154051381	0.0	0.7565384784594862
PD4199a	G[T>C]T	0.0868107586447554	0.0	0.9131892413552446
PD4199a	G[T>G]A	0.2552999005636291	0.0	0.7447000994363707
PD4199a	G[T>G]C	0.43935090930490156	0.0	0.5606490906950984
PD4199a	G[T>G]G	0.48302939357135766	0.0	0.5169706064286423
PD4199a	G[T>G]T	0.1915215727444549	0.0	0.8084784272555451
PD4199a	T[C>A]A	0.764544589829304	0.0	0.23545541017069602
PD4199a	T[C>A]C	0.6321914763726502	0.0	0.3678085236273499
PD4199a	T[C>A]G	0.49723984941846266	0.0	0.5027601505815373
PD4199a	T[C>A]T	0.5714093502875176	0.0	0.4285906497124824
PD4199a	T[C>G]A	0.9946688071080685	0.0	0.005331192891931548
PD4199a	T[C>G]C	0.8855586755622239	0.0	0.1144413244377761
PD4199a	T[C>G]G	0.9442037727396065	0.0	0.055796227260393495
PD4199a	T[C>G]T	0.9803595137590588	0.0	0.019640486240941144
PD4199a	T[C>T]A	0.9633798712405793	0.0	0.03662012875942062
PD4199a	T[C>T]C	0.8297298587588706	0.0	0.17027014124112938
PD4199a	T[C>T]G	0.7119532866262723	0.0	0.28804671337372767
PD4199a	T[C>T]T	0.923168027473238	0.0	0.07683197252676202
PD4199a	T[T>A]A	0.08083501950883869	0.0	0.9191649804911614
PD4199a	T[T>A]C	0.14843817962184538	0.0	0.8515618203781548
PD4199a	T[T>A]G	0.15268657230210148	0.0	0.8473134276978985
PD4199a	T[T>A]T	0.1357972341150126	0.0	0.8642027658849873
PD4199a	T[T>C]A	0.11012919531350482	0.0	0.8898708046864952
PD4199a	T[T>C]C	0.20193504843168836	0.0	0.7980649515683117
PD4199a	T[T>C]G	0.1574097899219395	0.0	0.8425902100780606
PD4199a	T[T>C]T	0.13588529056335388	0.0	0.8641147094366461
PD4199a	T[T>G]A	0.20280206822635094	0.0	0.7971979317736491
PD4199a	T[T>G]C	0.19350389328613635	0.0	0.8064961067138636
PD4199a	T[T>G]G	0.14604683491658013	0.0	0.8539531650834198
PD4199a	T[T>G]T	0.1518600328765334	0.0	0.8481399671234667
PD4005a	A[C>A]A	0.056396281099531854	0.8245757877664452	0.11902793113402285
PD4005a	A[C>A]C	0.015963200524297953	0.8828346825007888	0.10120211697491333
PD4005a	A[C>A]G	0.07841932625493558	0.7792022750404747	0.14237839870458968
PD4005a	A[C>A]T	0.024451280720295718	0.8992804437544183	0.0762682755252859
PD4005a	A[C>G]A	0.07398029337392119	0.8860083599237415	0.04001134670233723
PD4005a	A[C>G]C	0.05850291045026333	0.8527704328354225	0.0887266567143141
PD4005a	A[C>G]G	0.01571121721020397	0.9316748715232033	0.05261391126659267
PD4005a	A[C>G]T	0.07666984589082851	0.8780931051484854	0.04523704896068625
PD4005a	A[C>T]A	0.10671518976290206	0.7648698236874446	0.12841498654965333
PD4005a	A[C>T]C	0.10269744110424846	0.7592129471322584	0.13808961176349327
PD4005a	A[C>T]G	0.10869656864442666	0.34814587146818243	0.543157559887391
PD4005a	A[C>T]T	0.06865412036006954	0.8486567418881673	0.08268913775176316
PD4005a	A[T>A]A	0.0676093472655899	0.8144498067582873	0.11794084597612285
PD4005a	A[T>A]C	0.056836853818444624	0.7995772809914012	0.1435858651901541
PD4005a	A[T>A]G	0.03451023853095688	0.876248717140031	0.08924104432901206
PD4005a	A[T>A]T	0.017630040346984857	0.8276523139552374	0.15471764569777777
PD4005a	A[T>C]A	0.027896487968734965	0.8257202111471381	0.14638330088412702
PD4005a	A[T>C]C	0.027036573703707146	0.886099996390474	0.0868634299058188
PD4005a	A[T>C]G	0.047676775873848734	0.8404266760207383	0.11189654810541302
PD4005a	A[T>C]T	0.02906770238711883	0.846780685993856	0.1241516116190253
PD4005a	A[T>G]A	0.02026006397027061	0.8531455016024627	0.12659443442726684
PD4005a	A[T>G]C	0.057791049611730975	0.8521635075993627	0.09004544278890646
PD4005a	A[T>G]G	0.015033485055324385	0.952773705509088	0.03219280943558755
PD4005a	A[T>G]T	0.027179897494336674	0.8762936768526751	0.09652642565298829
PD4005a	C[C>A]A	0.04265000644819148	0.871303451989959	0.08604654156184974
PD4005a	C[C>A]C	0.03201464260707749	0.9151395155863159	0.052845841806606494
PD4005a	C[C>A]G	0.06472081694929016	0.8506933618011453	0.0845858212495645
PD4005a	C[C>A]T	0.027776767769018926	0.9015968460049971	0.07062638622598391
PD4005a	C[C>G]A	0.12019529455734333	0.8439959075107785	0.03580879793187813
PD4005a	C[C>G]C	0.03937806175651335	0.9217154408444166	0.038906497399070046
PD4005a	C[C>G]G	0.05627444012459079	0.8659316118895795	0.07779394798582968
PD4005a	C[C>G]T	0.11564016871695824	0.8297896299099177	0.054570201373123975
PD4005a	C[C>T]A	0.28633680369919856	0.5803703691001368	0.13329282720066454
PD4005a	C[C>T]C	0.1484437030142917	0.6675687176252104	0.18398757936049795
PD4005a	C[C>T]G	0.2807086893591109	0.25610266603015736	0.4631886446107317
PD4005a	C[C>T]T	0.15704433704419615	0.7336323629681791	0.10932329998762459
PD4005a	C[T>A]A	0.021832671181133217	0.9395598706729429	0.03860745814592383
PD4005a	C[T>A]C	0.028806073595700882	0.9279143540074122	0.04327957239688692
PD4005a	C[T>A]G	0.014175340308685815	0.9398437631359394	0.045980896555374844
PD4005a	C[T>A]T	0.006233392385610087	0.9514271228159074	0.042339484798482645
PD4005a	C[T>C]A	0.0182598199871032	0.8970281415299373	0.08471203848295945
PD4005a	C[T>C]C	0.031015646482169007	0.8872674228703634	0.08171693064746749
PD4005a	C[T>C]G	0.07032666946470001	0.8452847375656324	0.08438859296966758
PD4005a	C[T>C]T	0.03338190470070092	0.8892018174958224	0.07741627780347668
PD4005a	C[T>G]A	0.011093426220061214	0.9091624989038172	0.07974407487612173
PD4005a	C[T>G]C	0.029686378764883625	0.8966281497269857	0.07368547150813065
PD4005a	C[T>G]G	0.02482775084162098	0.9111614969836073	0.06401075217477178
PD4005a	C[T>G]T	0.01141667435717316	0.880143351918532	0.10843997372429487
PD4005a	G[C>A]A	0.054402537896683374	0.7980323042395049	0.14756515786381183
PD4005a	G[C>A]C	0.028282167124247387	0.884812137540636	0.08690569533511656
PD4005a	G[C>A]G	0.14365177242969393	0.6045208223100635	0.2518274052602425
PD4005a	G[C>A]T	0.03492395720814762	0.8394408367234402	0.12563520606841203
PD4005a	G[C>G]A	0.08408682506053755	0.8513839890790948	0.06452918586036761
PD4005a	G[C>G]C	0.05733535254469384	0.8642789569479549	0.07838569050735136
PD4005a	G[C>G]G	0.08086592216012303	0.8941039766856745	0.025030101154202337
PD4005a	G[C>G]T	0.07507306398672971	0.8918447414199057	0.03308219459336462
PD4005a	G[C>T]A	0.18393473388012552	0.6807421850035952	0.1353230811162792
PD4005a	G[C>T]C	0.12968293587558796	0.7089908007085345	0.16132626341587764
PD4005a	G[C>T]G	0.1737542867832901	0.3748582537396026	0.4513874594771073
PD4005a	G[C>T]T	0.13919564862086958	0.7292108635805438	0.13159348779858676
PD4005a	G[T>A]A	0.03255924801772648	0.9243211653611787	0.04311958662109488
PD4005a	G[T>A]C	0.029624611635846752	0.9002417889924349	0.07013359937171829
PD4005a	G[T>A]G	0.0598708224880766	0.8821598403694272	0.05796933714249633
PD4005a	G[T>A]T	0.008407047024493375	0.9491556630515529	0.042437289923953916
PD4005a	G[T>C]A	0.03225424246007788	0.8482135857281982	0.11953217181172389
PD4005a	G[T>C]C	0.03662594299897149	0.8524764310003907	0.11089762600063782
PD4005a	G[T>C]G	0.05703662268090389	0.8319759293504747	0.11098744796862152
PD4005a	G[T>C]T	0.029300123225654083	0.7776915456848043	0.1930083310895417
PD4005a	G[T>G]A	0.028541475116198773	0.9193238637275807	0.05213466115622079
PD4005a	G[T>G]C	0.04966219782411873	0.9106529376534662	0.03968486452241512
PD4005a	G[T>G]G	0.0708819516912832	0.8816121721236725	0.04750587618504448
PD4005a	G[T>G]T	0.02659232547128987	0.9031123519576977	0.07029532257101247
PD4005a	T[C>A]A	0.4625213007682408	0.4482803192629045	0.08919837996885469
PD4005a	T[C>A]C	0.28354030445416184	0.6131580288492529	0.10330166669658526
PD4005a	T[C>A]G	0.360683106377353	0.41094634422397897	0.22837054939866794
PD4005a	T[C>A]T	0.25637211756114525	0.6232115172111709	0.1204163652276839
PD4005a	T[C>G]A	0.8676553455363041	0.12943251266171132	0.0029121418019845305
PD4005a	T[C>G]C	0.5354915177001194	0.4211736118009771	0.043334870498903576
PD4005a	T[C>G]G	0.546125251141818	0.433665473819433	0.020209275038748996
PD4005a	T[C>G]T	0.7878322921897724	0.20228399723126086	0.009883710578966828
PD4005a	T[C>T]A	0.9270508287788432	0.050882073437514705	0.022067097783642135
PD4005a	T[C>T]C	0.6926412450243564	0.21835066115038848	0.08900809382525503
PD4005a	T[C>T]G	0.7935326840674906	0.005421231969489174	0.2010460839630203
PD4005a	T[C>T]T	0.8212778842796021	0.13591945859505938	0.042802657125338386
PD4005a	T[T>A]A	0.036413932114256	0.7042989893615521	0.25928707852419186
PD4005a	T[T>A]C	0.019335349496964742	0.9112035015778691	0.0694611489251662
PD4005a	T[T>A]G	0.028639104495907234	0.871838218054975	0.0995226774491178
PD4005a	T[T>A]T	0.016450003500506842	0.9179943512883685	0.06555564521112457
PD4005a	T[T>C]A	0.031243975095403272	0.8106639318184926	0.15809209308610428
PD4005a	T[T>C]C	0.05047213286844292	0.8246177639362126	0.12491010319534443
PD4005a	T[T>C]G	0.038834237669127906	0.8309933876241788	0.13017237470669313
PD4005a	T[T>C]T	0.03691688523042503	0.8160743000727309	0.14700881469684418
PD4005a	T[T>G]A	0.030828941942928557	0.8932832904408508	0.07588776761622076
PD4005a	T[T>G]C	0.02270106006289313	0.9180503417460982	0.05924859819100864
PD4005a	T[T>G]G	0.018494460401716935	0.9137877237986125	0.06771781579967065
PD4005a	T[T>G]T	0.029139497835796602	0.8689484664734781	0.10191203569072538
PD3851a	A[C>A]A	0.0033083140468913134	0.20743985154543698	0.7892518344076717
PD3851a	A[C>A]C	0.0010473637295226248	0.24840612461203854	0.7505465116584389
PD3851a	A[C>A]G	0.004018685065751292	0.17124442057668335	0.8247368943575654
PD3851a	A[C>A]T	0.001955797339850271	0.30847696595428936	0.6895672367058604
PD3851a	A[C>G]A	0.008811076384200233	0.45253907928621356	0.5386498443295862
PD3851a	A[C>G]C	0.004256376522180355	0.2660725385173524	0.7296710849604672
PD3851a	A[C>G]G	0.001577688415589976	0.40121867394844646	0.5972036376359635
PD3851a	A[C>G]T	0.00856099935294879	0.4204804353614568	0.5709585652855944
PD3851a	A[C>T]A	0.005961021836696945	0.1832261056705946	0.8108128724927084
PD3851a	A[C>T]C	0.00541440374823397	0.17165638928135563	0.8229292069704104
PD3851a	A[C>T]G	0.0017254195034435336	0.02369984305608112	0.9745747374404753
PD3851a	A[C>T]T	0.005258905244655626	0.2787829161312689	0.7159581786240755
PD3851a	A[T>A]A	0.004002508388149464	0.2067736454637659	0.7892238461480846
PD3851a	A[T>A]C	0.0028827841506019556	0.17391934608677043	0.8231978697626277
PD3851a	A[T>A]G	0.002486398999186782	0.270741984934885	0.7267716160659282
PD3851a	A[T>A]T	0.0008373157972196739	0.16857348470902353	0.8305891994937568
PD3851a	A[T>C]A	0.0013868266521123423	0.1760398198189218	0.8225733535289659
PD3851a	A[T>C]C	0.001981336057080655	0.27848036319481567	0.7195383007481037
PD3851a	A[T>C]G	0.0029249555802081943	0.22111468039462823	0.7759603640251636
PD3851a	A[T>C]T	0.0016428107946851933	0.2052358096106063	0.7931213795947085
PD3851a	A[T>G]A	0.0011262790517307974	0.20339189921914397	0.7954818217291252
PD3851a	A[T>G]C	0.004160466340902502	0.26309325564136327	0.7327462780177342
PD3851a	A[T>G]G	0.0019423367489240012	0.5279101013933534	0.47014756185772266
PD3851a	A[T>G]T	0.0018494800482906418	0.2557153899064628	0.7424351300452465
PD3851a	C[C>A]A	0.0031579849698075697	0.2766723407615273	0.7201696742686652
PD3851a	C[C>A]C	0.003224037219449299	0.3952246737266641	0.6015512890538867
PD3851a	C[C>A]G	0.004875750186670245	0.27483741278106927	0.7202868370322605
PD3851a	C[C>A]T	0.0023386074089061888	0.3255317473666542	0.6721296452244396
PD3851a	C[C>G]A	0.015434793003695196	0.4647924195802827	0.5197727874160221
PD3851a	C[C>G]C	0.004693493937035916	0.4711336678944655	0.5241728381684986
PD3851a	C[C>G]G	0.004479304193079372	0.2955890355250306	0.69993166028189
PD3851a	C[C>G]T	0.01174906477203608	0.36154964271896417	0.6267012925089998
PD3851a	C[C>T]A	0.01604853914534787	0.1394983005328975	0.8444531603217547
PD3851a	C[C>T]C	0.006234974670078026	0.1202469981798021	0.8735180271501198
PD3851a	C[C>T]G	0.005223922384274975	0.02043903140452354	0.9743370462112015
PD3851a	C[C>T]T	0.010028044387058616	0.20089901182968042	0.789072943783261
PD3851a	C[T>A]A	0.002594462538951929	0.4788178608534145	0.5185876766076336
PD3851a	C[T>A]C	0.0032365485057638844	0.4471068250229996	0.5496566264712366
PD3851a	C[T>A]G	0.001533776558769942	0.4361035461981623	0.5623626772430678
PD3851a	C[T>A]T	0.0007025722218768554	0.45988303494976174	0.5394143928283615
PD3851a	C[T>C]A	0.0013585634878953243	0.2862166319893888	0.712424804522716
PD3851a	C[T>C]C	0.002372517926642434	0.29106403998924735	0.7065634420841103
PD3851a	C[T>C]G	0.005314034066134189	0.2739130118535045	0.7207729540803613
PD3851a	C[T>C]T	0.0026498996471796075	0.30270807640408914	0.6946420239487312
PD3851a	C[T>G]A	0.0008583681288380229	0.3016857177434076	0.6974559141277544
PD3851a	C[T>G]C	0.002432539050337133	0.3150796238342005	0.6824878371154623
PD3851a	C[T>G]G	0.002223163554000936	0.3498925918434078	0.6478842446025912
PD3851a	C[T>G]T	0.0007116139775896215	0.2352684121772714	0.764019973845139
PD3851a	G[C>A]A	0.002698980956559759	0.16978780124604173	0.8275132177973985
PD3851a	G[C>A]C	0.0020725416125212566	0.2780654295125826	0.7198620288748961
PD3851a	G[C>A]G	0.004604033595197206	0.08308911089923347	0.9123068555055693
PD3851a	G[C>A]T	0.001958064371415254	0.20183615429282248	0.7962057813357623
PD3851a	G[C>G]A	0.007623976139866634	0.33104299663702214	0.6613330272231113
PD3851a	G[C>G]C	0.004541748287011929	0.2936025783820261	0.701855673330962
PD3851a	G[C>G]G	0.011989921164242736	0.5685179257727797	0.41949215306297755
PD3851a	G[C>G]T	0.009827380858535326	0.5006661782689437	0.489506440872521
PD3851a	G[C>T]A	0.009996749522972066	0.15866570977714228	0.8313375406998856
PD3851a	G[C>T]C	0.006058365092846042	0.14204258260855393	0.8518990522986001
PD3851a	G[C>T]G	0.0032905750899286366	0.030444490303353534	0.9662649346067178
PD3851a	G[C>T]T	0.00767298621846794	0.17238411411872712	0.819942899662805
PD3851a	G[T>A]A	0.0036705068755937876	0.4468686891969645	0.5494608039274417
PD3851a	G[T>A]C	0.0025067752908439532	0.32668354577378844	0.6708096789353676
PD3851a	G[T>A]G	0.005759280103656714	0.3639197385838672	0.630320981312476
PD3851a	G[T>A]T	0.0009471947664808949	0.45860481338595194	0.5404479918475672
PD3851a	G[T>C]A	0.0018773139505440138	0.21171939174784363	0.7864032943016124
PD3851a	G[T>C]C	0.0022569998172160322	0.22528404822760223	0.7724589519551818
PD3851a	G[T>C]G	0.003527232870768141	0.22064619634680507	0.7758265707824268
PD3851a	G[T>C]T	0.0011635805289037752	0.132446268885579	0.8663901505855173
PD3851a	G[T>G]A	0.0028934788620697998	0.3996849402821633	0.5974215808557669
PD3851a	G[T>G]C	0.005883624005721529	0.4626762648034629	0.5314401111908156
PD3851a	G[T>G]G	0.007686620742099877	0.4099989234463501	0.5823144558115501
PD3851a	G[T>G]T	0.002244954219420054	0.32696277138328245	0.6707922743972975
PD3851a	T[C>A]A	0.03709830109902144	0.15419749134208466	0.8087042075588939
PD3851a	T[C>A]C	0.019434272372890096	0.1802317316535067	0.8003339959736032
PD3851a	T[C>A]G	0.012910706859820589	0.06308334193603927	0.9240059512041401
PD3851a	T[C>A]T	0.015499940365382325	0.16158463428252937	0.8229154253520883
PD3851a	T[C>G]A	0.4952657165119618	0.3168398169809286	0.1878944665071096
PD3851a	T[C>G]C	0.07396267837219167	0.2494747172502227	0.6765626043775856
PD3851a	T[C>G]G	0.11643861584308479	0.3965198892619417	0.4870414948949735
PD3851a	T[C>G]T	0.284156871712731	0.31288969803661226	0.40295343025065666
PD3851a	T[C>T]A	0.2547123757482179	0.05995379143633704	0.685333832815445
PD3851a	T[C>T]C	0.05925069631094602	0.08010229753359897	0.860647006155455
PD3851a	T[C>T]G	0.03370725518431254	0.0009875564110091632	0.9653051884046783
PD3851a	T[C>T]T	0.13156572841127112	0.09337693930757293	0.7750573322811559
PD3851a	T[T>A]A	0.0011250970764596685	0.09332217141740314	0.9055527315061372
PD3851a	T[T>A]C	0.0016415761875772001	0.3317643748793582	0.6665940489330646
PD3851a	T[T>A]G	0.001907112465780425	0.24897636725541955	0.7491165202788
PD3851a	T[T>A]T	0.0014476421195617649	0.34645000898609873	0.6521023488943395
PD3851a	T[T>C]A	0.0014615277584466178	0.1626248796809877	0.8359135925605656
PD3851a	T[T>C]C	0.002850570243291567	0.19972762050733897	0.7974218092493695
PD3851a	T[T>C]G	0.0021201779682374308	0.1945630892394901	0.8033167327922724
PD3851a	T[T>C]T	0.0018317673796158138	0.17365221322083546	0.8245160193995487
PD3851a	T[T>G]A	0.002478290755106478	0.30795566631027205	0.6895660429346214
PD3851a	T[T>G]C	0.002130177551441908	0.3694379576764263	0.6284318647721319
PD3851a	T[T>G]G	0.0015954899786082063	0.33806723954735063	0.6603372704740411
PD3851a	T[T>G]T	0.001907636269645502	0.24395677363790894	0.7541355900924456
PD4116a	A[C>A]A	0.014294674458197749	0.8831585788928171	0.10254674664898528
PD4116a	A[C>A]C	0.0039025833208248778	0.9120022547581952	0.08409516192097993
PD4116a	A[C>A]G	0.020342619904662983	0.8541188379691038	0.12553854212623333
PD4116a	A[C>A]T	0.005987604724246635	0.930531267103415	0.06348112817233832
PD4116a	A[C>G]A	0.018710903338357877	0.9468928484740542	0.03439624818758778
PD4116a	A[C>G]C	0.014760355346284804	0.9091505079152769	0.07608913673843831
PD4116a	A[C>G]G	0.003802885680604581	0.9529105393101683	0.04328657500922708
PD4116a	A[C>G]T	0.0194550790086163	0.9415281006935412	0.03901682029784254
PD4116a	A[C>T]A	0.028267431553656193	0.8561146841941243	0.11561788425221953
PD4116a	A[C>T]C	0.027167470539347316	0.8486673588077025	0.12416517065295024
PD4116a	A[C>T]G	0.03172703371574917	0.4293971879101614	0.5388757783740894
PD4116a	A[C>T]T	0.01744365989989942	0.9111447562079902	0.07141158389211043
PD4116a	A[T>A]A	0.017291413967955943	0.8801818332583243	0.10252675277371974
PD4116a	A[T>A]C	0.014486096826212132	0.8611248270239217	0.12438907614986619
PD4116a	A[T>A]G	0.008541121287992622	0.9163863973529202	0.07507248135908724
PD4116a	A[T>A]T	0.004362999036561041	0.8654939876870291	0.13014301327640979
PD4116a	A[T>C]A	0.0069487907368283655	0.8691143641078246	0.12393684515534706
PD4116a	A[T>C]C	0.006648523522100481	0.9207476134024867	0.07260386307541285
PD4116a	A[T>C]G	0.011981241590186256	0.8924401210202058	0.09557863738960798
PD4116a	A[T>C]T	0.007214297245288281	0.8880523786576213	0.10473332409709042
PD4116a	A[T>G]A	0.004995613900957921	0.8889052458131764	0.1060991402858657
PD4116a	A[T>G]C	0.014576316509395686	0.9082270885333695	0.07719659495723478
PD4116a	A[T>G]G	0.003622125762964241	0.9700138360060895	0.026364038230946397
PD4116a	A[T>G]T	0.006697684533028685	0.9124537539768174	0.08084856149015383
PD4116a	C[C>A]A	0.010617731377603431	0.916571561135945	0.07281070748645162
PD4116a	C[C>A]C	0.007849392390075621	0.9481105983904108	0.04404000921951358
PD4116a	C[C>A]G	0.01639795730765636	0.9107582533233584	0.07284378936898533
PD4116a	C[C>A]T	0.006812060665560223	0.9343153709216553	0.05887256841278435
PD4116a	C[C>G]A	0.031561698071042865	0.9364779291583037	0.03196037277065346
PD4116a	C[C>G]C	0.009683800930301436	0.9577952769837128	0.03252092208598573
PD4116a	C[C>G]G	0.014140226122059677	0.9194181585232386	0.06644161535470175
PD4116a	C[C>G]T	0.030372081122813525	0.9209120346349491	0.04871588424223743
PD4116a	C[C>T]A	0.08971049581983087	0.7683438623945934	0.14194564178557567
PD4116a	C[C>T]C	0.041295541609717795	0.7847325644552721	0.1739718939350101
PD4116a	C[C>T]G	0.09556830923327331	0.3684312474487318	0.5360004433179949
PD4116a	C[C>T]T	0.043279112866599564	0.8543166324545816	0.10240425467881883
PD4116a	C[T>A]A	0.0052950462410215875	0.9628788634123593	0.03182609034661909
PD4116a	C[T>A]C	0.007031237993980564	0.9570616982809305	0.03590706372508918
PD4116a	C[T>A]G	0.0034224821922066158	0.9588433881658736	0.037734129641919814
PD4116a	C[T>A]T	0.0014946543735336669	0.9639980377197892	0.034507307906677144
PD4116a	C[T>C]A	0.004457265999895729	0.9252571282201891	0.07028560577991497
PD4116a	C[T>C]C	0.0076431390396603845	0.9239102157433596	0.06844664521698002
PD4116a	C[T>C]G	0.017899545905482806	0.9090950670679707	0.07300538702654659
PD4116a	C[T>C]T	0.008234527033307076	0.9268558581427355	0.06490961482395734
PD4116a	C[T>G]A	0.0026900567059193864	0.9315830116239254	0.06572693167015523
PD4116a	C[T>G]C	0.007295925046593028	0.9311503690512365	0.06155370590217058
PD4116a	C[T>G]G	0.006066546857784767	0.940770841539879	0.05316261160233611
PD4116a	C[T>G]T	0.0027851651853826793	0.9072961498716117	0.08991868494300567
PD4116a	G[C>A]A	0.013849552768760435	0.858462585346942	0.12768786188429754
PD4116a	G[C>A]C	0.006961763543061471	0.9203265828165155	0.07271165364042304
PD4116a	G[C>A]G	0.040419193294347726	0.7187406827198592	0.24084012398579313
PD4116a	G[C>A]T	0.008711249560959661	0.8847720846655233	0.10651666577351708
PD4116a	G[C>G]A	0.02155522514293582	0.9222197063435557	0.05622506851350868
PD4116a	G[C>G]C	0.014420976823304543	0.9185661592246211	0.06701286395207422
PD4116a	G[C>G]G	0.020503357459740256	0.9579255946249899	0.021571047915269915
PD4116a	G[C>G]T	0.01897671222713243	0.952599605407379	0.028423682365488694
PD4116a	G[C>T]A	0.052248055459496685	0.8170965156800114	0.1306554288604918
PD4116a	G[C>T]C	0.035298325337619396	0.815447825023181	0.1492538496391996
PD4116a	G[C>T]G	0.05278077559075416	0.4811623398417008	0.4660568845675451
PD4116a	G[C>T]T	0.037950673709595616	0.8401005553675628	0.12194877092284157
PD4116a	G[T>A]A	0.007970641230961023	0.9561501643845481	0.035879194384490935
PD4116a	G[T>A]C	0.007275139175698611	0.9341833444865364	0.058541516337765026
PD4116a	G[T>A]G	0.015025827892954015	0.9355236684859022	0.04945050362114372
PD4116a	G[T>A]T	0.0020192912279479096	0.9633347708698413	0.03464593790221088
PD4116a	G[T>C]A	0.008018018333021864	0.890983648160738	0.10099833350624006
PD4116a	G[T>C]C	0.009120560111505369	0.8970143407963629	0.09386509909213188
PD4116a	G[T>C]G	0.01444021514886848	0.8900510864371025	0.09550869841402906
PD4116a	G[T>C]T	0.007377568227277086	0.8274380272737187	0.16518440449900426
PD4116a	G[T>G]A	0.006977665049319265	0.949700239284566	0.04332209566611462
PD4116a	G[T>G]C	0.012315274163856593	0.9542350240746483	0.033449701761495074
PD4116a	G[T>G]G	0.017910069815030436	0.9412901199564959	0.04079981022847363
PD4116a	G[T>G]T	0.006515042873218706	0.9349471313926206	0.05853782573416077
PD4116a	T[C>A]A	0.1738840598645005	0.7121344845316515	0.11398145560384797
PD4116a	T[C>A]C	0.0879031924571423	0.8032423108453036	0.10885449669755394
PD4116a	T[C>A]G	0.12552530179776067	0.6043310451331093	0.27014365306912996
PD4116a	T[C>A]T	0.07771010551616518	0.7982271395564754	0.12406275492735941
PD4116a	T[C>G]A	0.6091038262825403	0.38394743793933384	0.006948735778125877
PD4116a	T[C>G]C	0.21746019762854685	0.7227242821194897	0.059815520251963496
PD4116a	T[C>G]G	0.22315456408040774	0.7487773078405565	0.028068128079035696
PD4116a	T[C>G]T	0.4700136847832016	0.5099440897514708	0.02004222546532768
PD4116a	T[C>T]A	0.761712188857818	0.17665928565271286	0.0616285254894692
PD4116a	T[C>T]C	0.3611584024573253	0.48109206773406504	0.15774952980860976
PD4116a	T[C>T]G	0.5290948138416232	0.015273936720132122	0.4556312494382448
PD4116a	T[C>T]T	0.5329169025932811	0.372679336566777	0.09440376083994201
PD4116a	T[T>A]A	0.009351809525997302	0.7643098393396842	0.22633835113431844
PD4116a	T[T>A]C	0.004709302080298278	0.9377870118974568	0.057503686022244885
PD4116a	T[T>A]G	0.007069777541856869	0.9094242448788796	0.0835059775792635
PD4116a	T[T>A]T	0.003994354670255974	0.9419003309538911	0.05410531437585289
PD4116a	T[T>C]A	0.007822520352759182	0.8576410905877901	0.13453638905945048
PD4116a	T[T>C]C	0.012747059604608799	0.8800257010426288	0.10722723935276243
PD4116a	T[T>C]G	0.009726307829459468	0.8794580027149567	0.11081568945558386
PD4116a	T[T>C]T	0.009264033678488635	0.8653445959611786	0.1253913703603327
PD4116a	T[T>G]A	0.007586995326677986	0.9289336982570424	0.06347930641627957
PD4116a	T[T>G]C	0.005532305705424052	0.9453896429030957	0.04907805139148029
PD4116a	T[T>G]G	0.004499943745899619	0.9394962479352109	0.05600380831888962
PD4116a	T[T>G]T	0.007199682162194653	0.9072136857624953	0.08558663207531017
PD4086a	A[C>A]A	0.042952731502621355	0.5242973673539931	0.43274990114338563
PD4086a	A[C>A]C	0.012914215426792826	0.5962580038723309	0.39082778070087637
PD4086a	A[C>A]G	0.05567205374925272	0.46181828688320126	0.4825096593675462
PD4086a	A[C>A]T	0.021461889151217824	0.6589739743181294	0.3195641365306527
PD4086a	A[C>G]A	0.0736371109199809	0.736249968984324	0.19011292009569508
PD4086a	A[C>G]C	0.04899811683881253	0.5962670748822176	0.35473480827896986
PD4086a	A[C>G]G	0.015039323931457918	0.744542753310877	0.24041792275766505
PD4086a	A[C>G]T	0.07474971298749276	0.7147139916465858	0.21053629536592153
PD4086a	A[C>T]A	0.07856707719066959	0.47011992818781173	0.4513129946215187
PD4086a	A[C>T]C	0.0735807270231811	0.45412439863352805	0.4722948743432908
PD4086a	A[C>T]G	0.036326974059074015	0.09713626867234033	0.8665367572685857
PD4086a	A[C>T]T	0.05858465306624417	0.6045832334888188	0.336832113444937
PD4086a	A[T>A]A	0.05158833911646845	0.5188190397105689	0.42959262117296276
PD4086a	A[T>A]C	0.04031595521540518	0.47349363795103644	0.48619040683355835
PD4086a	A[T>A]G	0.02895041488620347	0.6136786353318184	0.35737094978197814
PD4086a	A[T>A]T	0.012182542798907426	0.4774625917705667	0.5103548654305259
PD4086a	A[T>C]A	0.019700568919434273	0.48682058039551845	0.4934788506850473
PD4086a	A[T>C]C	0.022884283568595454	0.6261453792973776	0.3509703371340269
PD4086a	A[T>C]G	0.0371471897433253	0.5466705675047405	0.4161822427519343
PD4086a	A[T>C]T	0.021877583227506853	0.5320670460530649	0.44605537071942825
PD4086a	A[T>G]A	0.015155422638025834	0.5327912979243492	0.452053279437625
PD4086a	A[T>G]C	0.048196975679888274	0.5933199009358032	0.35848312338430854
PD4086a	A[T>G]G	0.015592802608303648	0.8250134939643283	0.1593937034273679
PD4086a	A[T>G]T	0.022287167647236088	0.599878810025951	0.377834022326813
PD4086a	C[C>A]A	0.036119331114877244	0.6160228343013866	0.3478578345837362
PD4086a	C[C>A]C	0.030540109666931534	0.7288128491657322	0.2406470411673363
PD4086a	C[C>A]G	0.05490864561799585	0.6025270690863914	0.3425642852956126
PD4086a	C[C>A]T	0.02485359998754336	0.6734831865723683	0.30166321344008834
PD4086a	C[C>G]A	0.12070950157018281	0.7076216457731145	0.17166885265670265
PD4086a	C[C>G]C	0.03959209522426738	0.7736736228571826	0.1867342819185501
PD4086a	C[C>G]G	0.048910761419620585	0.628323948659484	0.3227652899208953
PD4086a	C[C>G]T	0.10818768868926285	0.6481028138983914	0.24370949741234563
PD4086a	C[C>T]A	0.203487580419017	0.3443283206159372	0.45218409896504574
PD4086a	C[C>T]C	0.09371162273442833	0.3518312684763858	0.554457108789186
PD4086a	C[C>T]G	0.10375094095084801	0.07902364633560847	0.8172254127135435
PD4086a	C[C>T]T	0.12160944224585876	0.4742750465289986	0.40411551122514255
PD4086a	C[T>A]A	0.022041658948352687	0.7918968978844987	0.18606144316714865
PD4086a	C[T>A]C	0.02851881541305527	0.7669412328060032	0.20453995178094153
PD4086a	C[T>A]G	0.013920645764467422	0.7705278315707725	0.21555152266476
PD4086a	C[T>A]T	0.006216968134111329	0.7922029970448002	0.20158003482108852
PD4086a	C[T>C]A	0.015586382931656253	0.639236692983305	0.3451769240850387
PD4086a	C[T>C]C	0.02669543117563112	0.6375546476715472	0.33574992115282165
PD4086a	C[T>C]G	0.05965706734255599	0.5986205961503397	0.3417223365071043
PD4086a	C[T>C]T	0.029147246636428453	0.6481768898119058	0.3226758635516659
PD4086a	C[T>G]A	0.009639980684763627	0.6595667532155345	0.3307932660997019
PD4086a	C[T>G]C	0.02627159927026996	0.6624428763450646	0.3112855243846654
PD4086a	C[T>G]G	0.022755395348231882	0.6971867813502173	0.2800578233015509
PD4086a	C[T>G]T	0.009033232045703478	0.581384894491682	0.40958187346261454
PD4086a	G[C>A]A	0.038175689585628475	0.4675143872667704	0.4943099231476012
PD4086a	G[C>A]C	0.02393103922476513	0.6250384348917035	0.35103052588353134
PD4086a	G[C>A]G	0.07763021288710671	0.272733088576021	0.6496366985368722
PD4086a	G[C>A]T	0.02615119651270501	0.5247651523878236	0.44908365109947135
PD4086a	G[C>G]A	0.07624158364044648	0.6444603613904358	0.2792980549691176
PD4086a	G[C>G]C	0.0497245481795126	0.6257618397854396	0.3245136120350478
PD4086a	G[C>G]G	0.08541062834145012	0.7883901286697258	0.12619924298882404
PD4086a	G[C>G]T	0.07679727206181583	0.7616539281365101	0.16154879980167403
PD4086a	G[C>T]A	0.13154817184783044	0.4064531661545245	0.461998661997645
PD4086a	G[C>T]C	0.08693681776588676	0.3967969118237859	0.5162662704103272
PD4086a	G[C>T]G	0.06577975570416948	0.11847605476957022	0.8157441895262604
PD4086a	G[C>T]T	0.10114844086072342	0.4423779194187511	0.4564736397205255
PD4086a	G[T>A]A	0.032234891324333145	0.7639791744238803	0.20378593425178662
PD4086a	G[T>A]C	0.026545834519415782	0.6734566783845007	0.2999974870960835
PD4086a	G[T>A]G	0.05579433920278085	0.6863236665492108	0.25788199424800845
PD4086a	G[T>A]T	0.008378676316849168	0.7897254932683534	0.2018958304147975
PD4086a	G[T>C]A	0.0246030843518156	0.5401504117773925	0.4352465038707919
PD4086a	G[T>C]C	0.028665611911143387	0.5570081635564788	0.4143262245323778
PD4086a	G[T>C]G	0.044510452663083476	0.5420330259680674	0.4134565213688492
PD4086a	G[T>C]T	0.018313702355015997	0.4058082392284566	0.5758780584165273
PD4086a	G[T>G]A	0.02731484557786823	0.734509887087496	0.23817526733463593
PD4086a	G[T>G]C	0.04969408629826238	0.7607438413294484	0.18956207237228928
PD4086a	G[T>G]G	0.06857322823789157	0.7120381840787285	0.21938858768337988
PD4086a	G[T>G]T	0.02382577492024019	0.675521657616504	0.3006525674632559
PD4086a	T[C>A]A	0.36633441775249187	0.29641654131422124	0.33724904093328695
PD4086a	T[C>A]C	0.22004497705050413	0.39726093042353766	0.38269409252595815
PD4086a	T[C>A]G	0.2010592649072424	0.19124504348242008	0.6076956916103374
PD4086a	T[C>A]T	0.18969729084849307	0.38497505232820933	0.4253276568232976
PD4086a	T[C>G]A	0.876762170426048	0.10919046524424388	0.014047364329708153
PD4086a	T[C>G]C	0.48949328435177264	0.3214119894682735	0.18909472617995388
PD4086a	T[C>G]G	0.543602468092555	0.3603717906037007	0.09602574130374428
PD4086a	T[C>G]T	0.7847798852471536	0.16822184427298636	0.046998270479860056
PD4086a	T[C>T]A	0.862477576166069	0.03951990067816095	0.09800252315577006
PD4086a	T[C>T]C	0.5328741919713492	0.14024184842433216	0.32688395960431854
PD4086a	T[C>T]G	0.4514412935117015	0.0025747865459995064	0.5459839199422989
PD4086a	T[C>T]T	0.7210052393493345	0.09961774496468472	0.17937701568598077
PD4086a	T[T>A]A	0.019554952968852266	0.31575703892345364	0.6646880081076941
PD4086a	T[T>A]C	0.017393664536776435	0.6843231328945487	0.29828320256867485
PD4086a	T[T>A]G	0.0232540709260008	0.5909928674996067	0.38575306157439254
PD4086a	T[T>A]T	0.015012245868811726	0.6994013411291864	0.2855864130020019
PD4086a	T[T>C]A	0.0213605449159349	0.46269379275994443	0.5159456623241208
PD4086a	T[T>C]C	0.037801888991707264	0.5156099729094464	0.4465881380988463
PD4086a	T[T>C]G	0.02868155001702806	0.5123800122032306	0.4589384377797413
PD4086a	T[T>C]T	0.025998209477929305	0.4797940594913917	0.494207731030679
PD4086a	T[T>G]A	0.027070407332795355	0.6548354150567304	0.3180941776104743
PD4086a	T[T>G]C	0.021177099239383386	0.7149795309496684	0.2638433698109483
PD4086a	T[T>G]G	0.01674273095264695	0.6906161512649566	0.2926411177823965
PD4086a	T[T>G]T	0.023479380420115055	0.5845280656213746	0.3919925539585104
PD4194a	A[C>A]A	0.02549248813190866	0.04411292941837878	0.9303945824497125
PD4194a	A[C>A]C	0.00853427793442199	0.05585984945396419	0.9356058726116139
PD4194a	A[C>A]G	0.029786537405767994	0.03502843121054144	0.9351850313836906
PD4194a	A[C>A]T	0.016865886175648524	0.07341355650160256	0.9097205573227489
PD4194a	A[C>G]A	0.08496305309181644	0.12042743657567663	0.7946095103325069
PD4194a	A[C>G]C	0.03454085533228674	0.059588343291093214	0.9058708013766201
PD4194a	A[C>G]G	0.015168199995098993	0.10645404225141412	0.878377757753487
PD4194a	A[C>G]T	0.07962779220976457	0.10793299110874338	0.812439216681492
PD4194a	A[C>T]A	0.04413642765784735	0.037439671247610294	0.9184239010945423
PD4194a	A[C>T]C	0.039798127873866725	0.03482091569796599	0.9253809564281672
PD4194a	A[C>T]G	0.01139087472137046	0.004317934517787938	0.9842911907608415
PD4194a	A[C>T]T	0.042935884186228936	0.06281443111616103	0.89424968469761
PD4194a	A[T>A]A	0.030682891332548833	0.043744899684093876	0.9255722089833572
PD4194a	A[T>A]C	0.021574717516558754	0.03592105600107422	0.9425042264823669
PD4194a	A[T>A]G	0.020524560241457906	0.061677513386419545	0.9177979263721225
PD4194a	A[T>A]T	0.006316676561099005	0.03509593594170076	0.9585873874972003
PD4194a	A[T>C]A	0.010499449891991563	0.03678099642959985	0.9527195536784087
PD4194a	A[T>C]C	0.016546359023530636	0.06418108966618652	0.9192725513102828
PD4194a	A[T>C]G	0.022898320846250462	0.047771639682119796	0.9293300394716297
PD4194a	A[T>C]T	0.012770439018967072	0.044029081719900526	0.9432004792611323
PD4194a	A[T>G]A	0.008769227650483321	0.04370359862351215	0.9475271737260045
PD4194a	A[T>G]C	0.03368263281056337	0.058781672992682284	0.9075356941967544
PD4194a	A[T>G]G	0.02196310406952896	0.16473935972945192	0.8132975362010191
PD4194a	A[T>G]T	0.015099365007746056	0.05761480663041286	0.9272858283618411
PD4194a	C[C>A]A	0.026105980013643806	0.06311955031172138	0.9107744696746349
PD4194a	C[C>A]C	0.030369905612491525	0.10274380710009402	0.8668862872874145
PD4194a	C[C>A]G	0.0397524161897556	0.061839525049676373	0.898408058760568
PD4194a	C[C>A]T	0.020487585744636487	0.07870367676171083	0.9008087374936526
PD4194a	C[C>G]A	0.14320807681914033	0.11901287555673444	0.7377790476241252
PD4194a	C[C>G]C	0.04794875404300997	0.132829156606386	0.8192220893506041
PD4194a	C[C>G]G	0.03741635053446479	0.06814082675019235	0.8944428227153429
PD4194a	C[C>G]T	0.09990516096760389	0.08484392897694262	0.8152509100554535
PD4194a	C[C>T]A	0.10764606141930816	0.025822587900763562	0.8665313506799283
PD4194a	C[C>T]C	0.04354404142565957	0.023175893888121198	0.9332800646862193
PD4194a	C[C>T]G	0.03373624643516892	0.003642743273536626	0.9626210102912945
PD4194a	C[C>T]T	0.07357986472650421	0.04068073090638683	0.8857394043671091
PD4194a	C[T>A]A	0.02726873499762318	0.138885254291982	0.8338460107103949
PD4194a	C[T>A]C	0.03247452890686265	0.1238055882862935	0.8437198828068438
PD4194a	C[T>A]G	0.015399114706316703	0.1208346491392012	0.8637662361544822
PD4194a	C[T>A]T	0.007324875012817051	0.13231980182803263	0.8603553231591502
PD4194a	C[T>C]A	0.011489199354295683	0.06679945247241488	0.9217113481732896
PD4194a	C[T>C]C	0.02002157830516364	0.06778686820455569	0.9121915534902807
PD4194a	C[T>C]G	0.04315438646313753	0.061387717356056554	0.895457896180806
PD4194a	C[T>C]T	0.022595993389418707	0.07123513131162826	0.9061688752989531
PD4194a	C[T>G]A	0.0074071501734920536	0.07184565780893637	0.9207471920175717
PD4194a	C[T>G]C	0.021054080538121026	0.07526013388171957	0.9036857855801594
PD4194a	C[T>G]G	0.020029361538432284	0.08699587254695762	0.89297476591461
PD4194a	C[T>G]T	0.005734786775928171	0.05232444563929041	0.9419407675847814
PD4194a	G[C>A]A	0.020144507639500393	0.03497289067293517	0.9448826016875645
PD4194a	G[C>A]C	0.017289360719781884	0.0640163464009209	0.9186942928792973
PD4194a	G[C>A]G	0.03143426385845718	0.01565586729197518	0.9529098688495675
PD4194a	G[C>A]T	0.015139480080144471	0.04306764927333234	0.9417928706465233
PD4194a	G[C>G]A	0.0646465146192963	0.07746690416827393	0.8578865812124298
PD4194a	G[C>G]C	0.037842503210586145	0.06751260562906437	0.8946448911603495
PD4194a	G[C>G]G	0.13053076456543988	0.17080828271093546	0.6986609527236246
PD4194a	G[C>G]T	0.09973884116601893	0.14023066517975344	0.7600304936542276
PD4194a	G[C>T]A	0.07062002272734655	0.030932878121803845	0.8984470991508496
PD4194a	G[C>T]C	0.04317986871317101	0.02793911499971272	0.9288810162871162
PD4194a	G[C>T]G	0.02165509371835289	0.005529236657931483	0.9728156696237157
PD4194a	G[C>T]T	0.055654381148537345	0.03450645863741548	0.9098391602140471
PD4194a	G[T>A]A	0.03668245548157269	0.12324817364389226	0.840069370874535
PD4194a	G[T>A]C	0.021961216763426265	0.07898351609970204	0.8990552671368718
PD4194a	G[T>A]G	0.051316048372502025	0.08948676860924616	0.8591971830182519
PD4194a	G[T>A]T	0.009837570391833654	0.13144842324560266	0.8587140063625637
PD4194a	G[T>C]A	0.01466338110631835	0.04563794299622388	0.9396986758974579
PD4194a	G[T>C]C	0.017821027277317693	0.04909077199486077	0.9330882007278215
PD4194a	G[T>C]G	0.027490879975549616	0.04745906337923468	0.9250500566452158
PD4194a	G[T>C]T	0.008470868315614322	0.02660966596353028	0.9649194657208554
PD4194a	G[T>G]A	0.027473291474639356	0.10473127092012115	0.8677954376052395
PD4194a	G[T>G]C	0.05886323879093399	0.12774522427484242	0.8133915369342236
PD4194a	G[T>G]G	0.07111556532563593	0.10468395903925398	0.82420047563511
PD4194a	G[T>G]T	0.019711812357273786	0.07922925685205412	0.9010589307906721
